Bay A B C D

20 2 19 3 18 4 17 3 16 0 14 5 13 6 12 7 11 8 10 9 9 10 8 11 7 12 6 13 5 14 4 15 3C 18 3B 18 3A 18 2C 19 2B 19 2A 19
J1 25
J2 24
J3 23
J4 22
J5 21
J6 22
J7 23
J8 24
J9 24
H1 200
H2 200
H3 200
H4 200
H5 200
H6 200

16 17 22 17 18 23 18 19 24 18 19 24 17 18 20 9 10 12 8 9 11 7 8 10 6 7 9
5 6 8
4 5 7
3 4 6
2 3 5
1 2 4
0 1 3
2 0 2
4 3 2
4 2 1
4 1 0
5 3 3
5 2 2
5 1 1 19 20 25 19 21 26 19 22 28 20 23 29 21 24 30 22 25 31 23 26 32 24 27 33 25 28 33 200 200 200 200 200 200 200 200 200 200 200 200 200 200 200 200 200 200

A/C Group H G F E D C B A
A/C Type

B747

B772 B773

B787 B788 A330 B767

B73J

B737 B738 A320

E90

B733 E70

AT4 AT7 Q400

2A 00000011 2B 00000111 2C 00011111 3A 00000011 3B 00000111 3C 00011111 4L 01111110 4R 00011110 5 11111110 6 11111110 7 11111110 8 11111110 9 11111110 10 11111110 11 11111110 12 00011110 13 00011110 14 00011110 15 00011110 16 00011110 17 01111110 18 11111110 19 11111110 20 00011110 J1 11111111 J2A 00011111 J2B 00011111 J3A 00011111 J3B 00011111 J4A 00011111 J4B 00011111 J5 11111111 J6 00011111 J7 00011111 J8 00011111 J9 00011111 H1 00011111 H2 00011111 H3 00011111 H4 00011111 H5 00011111 H6 00011111 H7 00011111 H8 00011111 H9 00011111 H10 00011111